
resuneta_amazon_reduced_corrigido_run1

Confusion  matrix 
 [[2834338    2422 2863260]
 [   1804    3752    8113]
 [  81257    1544  167286]]

Accuracy:  50.39384443681318
F1score:  [65.78159888 35.08673493 10.17323928]
Recall:  [49.7250536  27.44897213 66.89112189]
Precision:  [97.15290915 48.61363047  5.50525742]
-------------------------------------------------------------------------------------------

resuneta_amazon_reduced_corrigido_run2

Confusion  matrix 
 [[5566900    3258  129862]
 [   7282    4062    2325]
 [ 210533    2591   36963]]

Accuracy:  94.03312599265968
F1score:  [96.94433524 34.45292621 17.6334627 ]
Recall:  [97.6645696  29.71687761 14.78005654]
Precision:  [96.23464596 40.9847644  21.85220219]
-------------------------------------------------------------------------------------------

unet_amazon_reduced_corrigido_run1

Confusion  matrix 
 [[  39994    2131 5657895]
 [     30    2232   11407]
 [   1154     797  248136]]

Accuracy:  4.868760999742445
F1score:  [ 1.39322838 23.70810983  8.04653406]
Recall:  [ 0.70164666 16.32891945 99.21987148]
Precision:  [97.12467823 43.25581395  4.19330122]


